666020888022790149 423 2293
666029285002620928 39 112
666033412701032449 36 100
666044226329800704 115 247
666049248165822465 37 89
666050758794694657 50 115
666051853826850816 704 1027
666055525042405380 196 367
666057090499244032 112 247
666058600524156928 47 99
666063827256086533 180 399
666071193221509120 51 127
666073100786774016 132 274
666082916733198337 37 93
666094000022159362 63 143
666099513787052032 53 134
666102155909144576 11 66
666104133288665088 5489 12900
666268910803644416 38 100
666273097616637952 68 152
666287406224695296 57 123
666293911632134144 290 426
666337882303524864 79 168
666345417576210432 124 244
666353288456101888 58 179
666362758909284353 469 648
666373753744588802 73 163
666396247373291520 69 147
666407126856765440 30 93
666411507551481857 262 371
666418789513326592 39 107
666421158376562688 91 272
666428276349472768 67 139
666430724426358785 160 278
666435652385423360 42 138
666437273139982337 40 106
666447344410484738 19 90
666454714377183233 180 448
666644823164719104 70 208
666649482315059201 524 993
666691418707132416 42 161
666701168228331520 182 371
666739327293083650 60 209
666776908487630848 150 305
666781792255496192 168 326
666786068205871104 410 659
666804364988780544 79 206
666817836334096384 212 444
666826780179869698 79 220
666835007768551424 66 185
666837028449972224 473 703
666983947667116034 847 2250
666996132027977728 79 214
667012601033924608 187 395
667044094246576128 43 163
667062181243039745 45 192
667065535570550784 40 143
667070482143944705 13 72
667073648344346624 104 351
667090893657276420 106 287
667119796878725120 106 286
667138269671505920 1874 4012
667152164079423490 14621 42298
667160273090932737 50 219
667165590075940865 972 2381
667171260800061440 72 186
667174963120574464 70 218
667176164155375616 388 527
667177989038297088 48 166
667182792070062081 5277 12546
667188689915760640 331 643
667192066997374976 86 331
667200525029539841 228 545
667211855547486208 210 425
667369227918143488 145 328
667393430834667520 50 168
667405339315146752 197 411
667435689202614272 76 266
667437278097252352 198 396
667443425659232256 490 682
667453023279554560 74 279
667455448082227200 53 171
667470559035432960 85 225
667491009379606528 190 459
667495797102141441 231 457
667502640335572993 194 484
667509364010450944 1867 6066
667517642048163840 166 332
667524857454854144 968 1507
667530908589760512 206 412
667534815156183040 446 719
667538891197542400 58 176
667544320556335104 459 761
667546741521195010 107 303
667549055577362432 1959 5110
667550882905632768 26 0
667550904950915073 29 0
667724302356258817 269 424
667728196545200128 127 325
667766675769573376 185 373
667773195014021121 44 204
667782464991965184 211 363
667793409583771648 286 609
667801013445750784 82 283
667806454573760512 417 931
667832474953625600 55 255
667861340749471744 69 221
667866724293877760 901 2717
667873844930215936 340 553
667878741721415682 101 349
667885044254572545 400 730
667886921285246976 908 1648
667902449697558528 334 759
667911425562669056 246 431
667915453470232577 46 184
667924896115245057 95 264
667937095915278337 694 1116
668113020489474048 208 585
668142349051129856 239 510
668154635664932864 273 440
668171859951755264 162 425
668190681446379520 171 577
668204964695683073 173 489
668221241640230912 169 452
668226093875376128 85 247
668237644992782336 2426 5453
668248472370458624 408 843
668256321989451776 518 1153
668268907921326080 206 485
668274247790391296 198 721
668286279830867968 118 436
668291999406125056 28 213
668297328638447616 255 556
668466899341221888 442 769
668480044826800133 127 397
668484198282485761 207 372
668496999348633600 114 359
668507509523615744 87 279
668528771708952576 189 404
668537837512433665 61 226
668542336805281792 182 403
668544745690562560 197 453
668567822092664832 46 206
668587383441514497 922 1478
668614819948453888 272 545
668620235289837568 35 181
668623201287675904 655 1248
668625577880875008 111 330
668627278264475648 97 281
668631377374486528 280 617
668633411083464705 1384 2469
668636665813057536 435 922
668641109086707712 467 944
668643542311546881 447 788
668645506898350081 458 774
668655139528511488 190 474
668779399630725120 325 628
668815180734689280 227 493
668826086256599040 112 384
668852170888998912 139 410
668872652652679168 268 477
668892474547511297 126 354
668902994700836864 88 276
668932921458302977 50 227
668955713004314625 63 241
668960084974809088 210 620
668967877119254528 18 127
668975677807423489 497 1157
668979806671884288 294 705
668981893510119424 259 483
668986018524233728 140 479
668988183816871936 391 800
668989615043424256 288 596
668992363537309700 294 659
668994913074286592 191 391
669000397445533696 5529 18700
669006782128353280 209 510
669015743032369152 324 650
669037058363662336 265 573
669203728096960512 408 890
669214165781868544 135 385
669216679721873412 348 1058
669324657376567296 182 440
669327207240699904 102 497
669328503091937280 367 908
669351434509529089 157 381
669353438988365824 229 566
669354382627049472 1095 2394
669359674819481600 103 332
669363888236994561 202 558
669367896104181761 130 406
669371483794317312 148 438
669375718304980992 633 1179
669393256313184256 62 313
669564461267722241 104 337
669567591774625800 45 202
669571471778410496 883 1408
669573570759163904 120 388
669583744538451968 804 1322
669597912108789760 133 447
669603084620980224 316 846
669625907762618368 1572 3128
669661792646373376 367 715
669680153564442624 244 588
669682095984410625 116 312
669683899023405056 94 339
669684865554620416 75 448
669749430875258880 55 229
669753178989142016 341 709
669923323644657664 50 202
669926384437997569 81 339
669942763794931712 133 444
669970042633789440 43 272
669972011175813120 134 395
669993076832759809 70 288
670003130994700288 77 296
670037189829525505 240 527
670040295598354432 97 660
670046952931721218 152 576
670055038660800512 279 592
670061506722140161 290 669
670069087419133954 205 554
670073503555706880 681 1386
670079681849372674 1057 1956
670086499208155136 218 623
670093938074779648 277 912
670290420111441920 250 623
670303360680108032 107 383
670319130621435904 1067 3470
670338931251150849 96 374
670361874861563904 55 289
670374371102445568 238 670
670385711116361728 173 494
670403879788544000 130 378
670408998013820928 188 486
670411370698022913 772 1797
670417414769758208 282 501
670420569653809152 265 540
670421925039075328 552 1149
670427002554466305 142 465
670428280563085312 524 1234
670433248821026816 100 296
670434127938719744 562 1256
670435821946826752 438 940
670442337873600512 175 581
670444955656130560 1746 6064
670449342516494336 571 1076
670452855871037440 174 489
670465786746662913 467 855
670468609693655041 77 317
670474236058800128 634 1341
670668383499735048 4326 9472
670676092097810432 35 215
670679630144274432 243 666
670691627984359425 209 521
670704688707301377 319 687
670717338665226240 418 1053
670727704916926465 314 737
670733412878163972 446 851
670755717859713024 89 393
670764103623966721 371 958
670778058496974848 62 298
670780561024270336 249 703
670782429121134593 661 1352
670783437142401025 331 726
670786190031921152 171 530
670789397210615808 210 585
670792680469889025 238 734
670797304698376195 203 661
670803562457407488 78 304
670804601705242624 821 1743
670807719151067136 428 1051
670811965569282048 231 984
670815497391357952 1322 2790
670822709593571328 83 545
670823764196741120 162 677
670826280409919488 3516 4876
670832455012716544 184 647
670833812859932673 109 382
670838202509447168 599 984
670840546554966016 166 524
670842764863651840 7580 22092
670995969505435648 244 970
671109016219725825 378 1005
671115716440031232 674 1216
671122204919246848 2189 3090
671134062904504320 163 655
671138694582165504 344 823
671141549288370177 572 1025
671147085991960577 192 586
671151324042559489 128 588
671154572044468225 186 625
671159727754231808 69 314
671163268581498880 968 1462
671166507850801152 302 783
671182547775299584 284 980
671186162933985280 176 642
671347597085433856 371 835
671355857343524864 105 421
671357843010908160 133 351
671362598324076544 258 980
671390180817915904 654 1281
671485057807351808 196 679
671486386088865792 173 512
671488513339211776 415 886
671497587707535361 391 828
671504605491109889 3132 6247
671511350426865664 606 1429
671518598289059840 253 832
671520732782923777 454 1223
671528761649688577 217 739
671533943490011136 497 898
671536543010570240 344 1037
671538301157904385 336 836
671542985629241344 487 966
671544874165002241 890 1731
671547767500775424 499 1205
671550332464455680 183 811
671561002136281088 6325 11398
671729906628341761 3808 7499
671735591348891648 657 1288
671743150407421952 202 675
671744970634719232 667 1211
671763349865160704 776 1495
671768281401958400 435 1051
671789708968640512 3005 6331
671855973984772097 374 794
671866342182637568 420 999
671874878652489728 479 1108
671879137494245376 575 1248
671882082306625538 1215 3114
671891728106971137 484 1175
671896809300709376 3679 7626
672068090318987265 441 1141
672082170312290304 319 839
672095186491711488 328 878
672125275208069120 993 2120
672139350159835138 597 1547
672160042234327040 304 765
672169685991993344 320 908
672205392827572224 1010 1992
672222792075620352 176 703
672231046314901505 876 1624
672239279297454080 276 806
672245253877968896 132 607
672248013293752320 524 1531
672254177670729728 652 1277
672256522047614977 1329 2514
672264251789176834 287 1012
672267570918129665 538 1318
672272411274932228 2938 5728
672466075045466113 448 1191
672475084225949696 608 1299
672481316919734272 110 640
672482722825261057 519 992
672488522314567680 373 990
672523490734551040 146 553
672538107540070400 318 903
672591271085670400 157 642
672591762242805761 286 846
672594978741354496 531 1182
672604026190569472 337 973
672609152938721280 338 970
672614745925664768 512 1091
672622327801233409 423 1151
672640509974827008 272 875
672828477930868736 419 1110
672834301050937345 504 1158
672877615439593473 303 909
672884426393653248 731 1371
672898206762672129 363 795
672902681409806336 425 1233
672964561327235073 557 1262
672968025906282496 471 1186
672970152493887488 305 841
672975131468300288 783 1499
672980819271634944 891 1630
672984142909456390 471 1120
672988786805112832 254 877
672995267319328768 253 845
672997845381865473 631 1756
673148804208660480 550 1493
673213039743795200 724 1979
673240798075449344 617 1279
673270968295534593 313 960
673295268553605120 2754 6736
673317986296586240 216 782
673320132811366400 6898 11985
673342308415348736 492 1139
673343217010679808 235 861
673345638550134785 1104 2234
673350198937153538 185 686
673352124999274496 475 1496
673355879178194945 494 1345
673359818736984064 594 1288
673363615379013632 267 932
673576835670777856 488 1236
673580926094458881 239 739
673583129559498752 314 1068
673612854080196609 632 1426
673636718965334016 308 995
673656262056419329 199 650
673662677122719744 328 1131
673680198160809984 418 1230
673686845050527744 377 1277
673688752737402881 440 1128
673689733134946305 570 1546
673697980713705472 1697 3517
673700254269775872 501 1282
673705679337693185 359 1125
673707060090052608 346 990
673708611235921920 256 954
673709992831262724 236 754
673711475735838725 265 941
673715861853720576 1815 3171
673716320723169284 670 2786
673887867907739649 221 844
673906403526995968 1438 2850
673919437611909120 327 1057
673956914389192708 838 1752
674008982932058114 301 1082
674014384960745472 560 1389
674019345211760640 265 1016
674024893172875264 1087 1586
674036086168010753 181 761
674038233588723717 369 980
674042553264685056 111 636
674045139690631169 566 1268
674051556661161984 432 1294
674053186244734976 1131 2953
674063288070742018 1911 5736
674075285688614912 246 889
674082852460433408 144 682
674255168825880576 466 1307
674262580978937856 386 1180
674265582246694913 734 1463
674269164442398721 202 824
674271431610523648 645 1394
674291837063053312 5149 13203
674307341513269249 6047 10159
674318007229923329 450 1255
674330906434379776 66 507
674372068062928900 280 767
674394782723014656 489 1335
674410619106390016 402 1071
674416750885273600 117 610
674422304705744896 467 1285
674436901579923456 344 987
674447403907457024 315 957
674468880899788800 1786 5567
674606911342424069 86 840
674632714662858753 503 1346
674638615994089473 513 1517
674644256330530816 242 930
674646392044941312 430 1282
674664755118911488 205 812
674670581682434048 568 1449
674690135443775488 412 1027
674737130913071104 80 580
674739953134403584 327 969
674742531037511680 45 431
674743008475090944 467 1260
674752233200820224 401 1314
674754018082705410 384 1229
674764817387900928 200 700
674767892831932416 692 1633
674774481756377088 411 990
674781762103414784 1050 1807
674788554665512960 181 719
674790488185167872 219 986
674793399141146624 954 2225
674800520222154752 749 2706
674805413498527744 318 765
674999807681908736 957 1995
675003128568291329 406 1394
675006312288268288 201 876
675015141583413248 1048 2425
675047298674663426 275 929
675109292475830276 1000 2522
675111688094527488 214 867
675113801096802304 690 1740
675135153782571009 413 1166
675145476954566656 784 1918
675146535592706048 257 1055
675147105808306176 200 842
675149409102012420 1502 3355
675153376133427200 2267 5605
675166823650848770 1387 3180
675334060156301312 1135 2492
675349384339542016 2002 3536
675354435921575936 14908 29509
675362609739206656 196 943
675372240448454658 458 1531
675432746517426176 503 1361
675483430902214656 855 1667
675489971617296384 528 1156
675497103322386432 1137 2824
675501075957489664 5228 15571
675517828909424640 407 1151
675522403582218240 248 942
675531475945709568 332 1069
675534494439489536 363 1664
675706639471788032 86 583
675707330206547968 600 1786
675710890956750848 722 1695
675740360753160193 296 1062
675781562965868544 420 1459
675798442703122432 3050 9324
675820929667219457 208 957
675822767435051008 475 1382
675845657354215424 780 2049
675849018447167488 123 866
675853064436391936 1136 2427
675870721063669760 500 1469
675878199931371520 1243 3783
675888385639251968 841 2120
675891555769696257 765 1925
675898130735476737 505 1448
676089483918516224 392 1183
676098748976615425 1251 2682
676101918813499392 1051 2585
676121918416756736 1028 1967
676146341966438401 592 1755
676191832485810177 919 2059
676215927814406144 516 1573
676219687039057920 27806 70977
676237365392908289 251 1091
676263575653122048 484 1894
676430933382295552 302 1264
676440007570247681 590 1565
676470639084101634 4185 10599
676496375194980353 471 1375
676533798876651520 490 1700
676575501977128964 991 2334
676582956622721024 252 1082
676588346097852417 701 2086
676590572941893632 110 840
676593408224403456 1894 4140
676603393314578432 342 1042
676606785097199616 387 1723
676613908052996102 177 986
676617503762681856 856 2615
676776431406465024 1805 4532
676811746707918848 379 1306
676819651066732545 602 1656
676821958043033607 13808 20749
676864501615042560 629 1903
676897532954456065 649 2051
676916996760600576 1618 2698
676936541936185344 4436 11629
676942428000112642 668 1878
676946864479084545 327 1576
676948236477857792 777 1958
676949632774234114 349 1188
676957860086095872 720 2029
676975532580409345 953 2528
677187300187611136 815 2484
677228873407442944 1469 3212
677269281705472000 636 1799
677301033169788928 354 1114
677314812125323265 471 1500
677328882937298944 1346 3338
677331501395156992 209 987
677334615166730240 253 1228
677335745548390400 1553 2761
677530072887205888 204 968
677547928504967168 3299 6331
677557565589463040 1018 2223
677565715327688705 411 1190
677573743309385728 600 1939
677644091929329666 728 1712
677662372920729601 843 1777
677673981332312066 1352 3035
677687604918272002 756 2264
677698403548192770 286 1117
677700003327029250 1294 3116
677716515794329600 877 2785
677895101218201600 1846 4400
677918531514703872 364 1220
677961670166224897 1526 3145
678021115718029313 5642 12387
678023323247357953 341 1743
678255464182861824 328 1453
678278586130948096 5498 10423
678334497360859136 224 1184
678341075375947776 473 1576
678380236862578688 823 2245
678389028614488064 383 1715
678396796259975168 375 1459
678399652199309312 28605 73528
678410210315247616 1610 3829
678424312106393600 2281 5005
678446151570427904 1372 3657
678643457146150913 360 1882
678675843183484930 1321 2607
678708137298427904 2193 5134
678740035362037760 1490 3404
678755239630127104 2936 6494
678764513869611008 417 1484
678767140346941444 1229 3225
678774928607469569 821 2576
678798276842360832 1030 3168
678800283649069056 821 2357
678969228704284672 409 1498
678991772295516161 1017 2071
679001094530465792 1096 2600
679047485189439488 587 2057
679062614270468097 7215 15498
679111216690831360 2316 5443
679132435750195208 1036 2711
679148763231985668 927 2559
679158373988876288 7251 19460
679405845277462528 1074 2167
679462823135686656 17037 29436
679475951516934144 585 1927
679503373272485890 1338 2919
679511351870550016 1149 3076
679527802031484928 653 2428
679530280114372609 1887 4375
679722016581222400 426 1539
679729593985699840 749 1993
679736210798047232 718 1916
679777920601223168 998 2856
679828447187857408 12614 33200
679844490799091713 687 2186
679854723806179328 1102 2615
679862121895714818 557 2254
679872969355714560 598 2014
679877062409191424 581 1800
680070545539371008 776 2389
680085611152338944 8157 11763
680100725817409536 1253 3304
680115823365742593 830 2497
680130881361686529 857 2118
680145970311643136 1563 3314
680161097740095489 672 2143
680176173301628928 1400 3566
680191257256136705 442 1982
680206703334408192 1050 2592
680221482581123072 262 1364
680440374763077632 443 1329
680473011644985345 674 2345
680494726643068929 440 1575
680497766108381184 1736 3891
680583894916304897 1193 3313
680609293079592961 628 2414
680798457301471234 939 2611
680801747103793152 742 2190
680805554198020098 607 1982
680836378243002368 1185 3192
680889648562991104 326 1613
680913438424612864 563 2212
680934982542561280 394 1921
680940246314430465 937 2926
680959110691590145 1825 4227
680970795137544192 586 2216
681193455364796417 1340 3423
681231109724700672 441 2243
681242418453299201 470 1359
681261549936340994 236 1335
681281657291280384 998 2964
681297372102656000 857 2959
681302363064414209 1627 3604
681320187870711809 672 2414
681339448655802368 3709 8565
681340665377193984 245 1519
681523177663676416 5216 13194
681579835668455424 1179 3258
681610798867845120 419 1734
681654059175129088 820 2427
681679526984871937 400 1630
681694085539872773 3698 11827
681891461017812993 746 2275
681981167097122816 922 2600
682003177596559360 1372 2874
682032003584274432 1797 6069
682047327939461121 849 2951
682059653698686977 1532 4543
682088079302213632 8913 16822
682242692827447297 1040 2972
682259524040966145 1079 3815
682303737705140231 886 2827
682389078323662849 424 1544
682393905736888321 598 2077
682406705142087680 1589 6973
682429480204398592 1046 3186
682638830361513985 535 1912
682662431982772225 988 2820
682697186228989953 332 1218
682750546109968385 398 1407
682788441537560576 1019 2285
682808988178739200 155 1631
682962037429899265 14909 33843
683030066213818368 671 2001
683078886620553216 520 1860
683098815881154561 589 2001
683111407806746624 818 3148
683142553609318400 938 2649
683357973142474752 825 2673
683391852557561860 2181 7056
683449695444799489 1459 3583
683462770029932544 620 2242
683481228088049664 904 2452
683498322573824003 874 2935
683515932363329536 2620 6800
683742671509258241 3013 5985
683773439333797890 1221 3078
683828599284170753 973 2590
683834909291606017 1024 2418
683849932751646720 856 2418
683852578183077888 316 1797
683857920510050305 1021 3528
684097758874210310 1299 3802
684122891630342144 426 1861
684147889187209216 1376 2745
684177701129875456 594 1867
684188786104872960 1054 3225
684195085588783105 457 1764
684200372118904832 946 1987
684222868335505415 1241 3522
684225744407494656 184 1149
684241637099323392 2954 7497
684460069371654144 503 1821
684481074559381504 1071 3573
684538444857667585 856 2438
684567543613382656 1107 2763
684588130326986752 1283 3815
684594889858887680 3171 8193
684800227459624960 906 2517
684830982659280897 19728 32400
684880619965411328 728 1924
684902183876321280 467 1718
684914660081053696 1326 3226
684926975086034944 417 3226
684940049151070208 948 2965
684959798585110529 2816 6300
684969860808454144 328 2218
685169283572338688 1281 3786
685198997565345792 589 2143
685268753634967552 1078 2845
685307451701334016 397 1929
685315239903100929 945 3035
685321586178670592 580 2451
685325112850124800 3590 8690
685532292383666176 1047 2814
685547936038666240 14157 30428
685641971164143616 700 2696
685663452032069632 1335 2978
685667379192414208 511 2186
685681090388975616 110 1888
685906723014619143 2597 6911
685943807276412928 536 1498
685973236358713344 477 1941
686003207160610816 563 1684
686007916130873345 367 2285
686034024800862208 1038 2851
686035780142297088 104 1062
686050296934563840 664 2066
686286779679375361 1528 3729
686358356425093120 602 2001
686377065986265092 516 2051
686386521809772549 792 3016
686394059078897668 633 1600
686606069955735556 492 1754
686618349602762752 1240 3417
686683045143953408 735 2614
686730991906516992 1094 3814
686749460672679938 1321 3205
686760001961103360 1259 3244
686947101016735744 2906 8001
687096057537363968 552 2082
687102708889812993 874 2172
687109925361856513 2241 5372
687124485711986689 462 2020
687127927494963200 2057 4980
687312378585812992 1737 4020
687317306314240000 8360 18678
687399393394311168 555 1753
687460506001633280 492 1909
687476254459715584 483 1832
687480748861947905 222 1477
687494652870668288 530 1763
687664829264453632 471 1807
687704180304273409 767 2245
687732144991551489 598 1624
687807801670897665 660 2203
687818504314159109 867 2283
687826841265172480 1013 2527
687841446767013888 2256 5033
688064179421470721 325 1601
688116655151435777 700 2619
688179443353796608 532 1981
688211956440801280 761 2083
688385280030670848 4088 8569
688519176466644993 661 2155
688547210804498433 627 2405
688789766343622656 605 2061
688804835492233216 170 890
688828561667567616 326 1282
688894073864884227 622 2062
688898160958271489 711 1931
688908934925697024 708 1945
688916208532455424 774 2502
689143371370250240 458 1869
689154315265683456 900 2862
689255633275777024 978 2358
689275259254616065 225 1056
689280876073582592 642 1831
689283819090870273 1005 3025
689289219123089408 852 2074
689517482558820352 1301 3137
689557536375177216 405 1906
689599056876867584 5031 10792
689623661272240129 581 2045
689659372465688576 3488 9546
689661964914655233 852 3004
689835978131935233 689 2023
689877686181715968 1046 2807
689905486972461056 624 2263
689977555533848577 410 1271
689993469801164801 409 1349
689999384604450816 329 1308
690005060500217858 1539 3389
690015576308211712 664 2311
690021994562220032 925 2586
690248561355657216 370 1544
690348396616552449 466 1374
690360449368465409 796 2454
690374419777196032 764 2978
690400367696297985 406 1747
690597161306841088 548 1787
690607260360429569 14 279
690649993829576704 250 1203
690690673629138944 751 2156
690728923253055490 469 2009
690735892932222976 1158 3508
690932576555528194 911 3032
690938899477221376 1757 3780
690959652130045952 1120 3324
690989312272396288 2621 5454
691090071332753408 307 1606
691096613310316544 797 2769
691321916024623104 602 2392
691416866452082688 6932 17894
691444869282295808 755 2442
691459709405118465 1028 3738
691483041324204033 502 2207
691675652215414786 461 1801
691756958957883396 889 2609
691793053716221953 3839 7506
691820333922455552 1499 3664
692017291282812928 873 2678
692041934689402880 1134 3132
692142790915014657 355 1515
692158366030913536 721 1977
692187005137076224 750 2342
692417313023332352 3146 8677
692423280028966913 198 1368
692530551048294401 370 1708
692535307825213440 1238 2910
692568918515392513 1397 4038
692752401762250755 3312 6296
692828166163931137 799 2664
692894228850999298 719 2089
692901601640583168 540 1620
692905862751522816 791 2243
692919143163629568 700 2508
693095443459342336 406 1707
693109034023534592 552 1569
693155686491000832 2906 7272
693231807727280129 673 2661
693262851218264065 452 2052
693267061318012928 735 2204
693280720173801472 1126 3095
693486665285931008 572 1632
693582294167244802 223 1523
693590843962331137 1785 4669
693622659251335168 339 1422
693629975228977152 723 2264
693642232151285760 379 2363
693644216740769793 115 1268
693647888581312512 523 2483
693942351086120961 331 1627
693993230313091072 360 1740
694001791655137281 926 3148
694183373896572928 844 2715
694206574471057408 1860 3825
694329668942569472 451 1828
694342028726001664 432 1465
694352839993344000 545 1885
694356675654983680 251 1390
694669722378485760 13113 33094
694905863685980160 840 2543
694925794720792577 824 2503
695051054296211456 718 2441
695064344191721472 530 1482
695074328191332352 998 2620
695095422348574720 552 2466
695314793360662529 1304 3345
695409464418041856 3261 8013
695446424020918272 1658 4102
695629776980148225 1900 4209
695767669421768709 666 1713
695794761660297217 709 2922
695816827381944320 1056 2769
696100768806522880 588 1783
696405997980676096 1055 2934
696488710901260288 930 2319
696490539101908992 127 1137
696518437233913856 1573 3645
696713835009417216 588 2182
696744641916489729 838 1900
696754882863349760 329 1374
696877980375769088 643 2266
696886256886657024 1631 4456
696894894812565505 621 2176
696900204696625153 941 2927
697242256848379904 618 2334
697255105972801536 1059 2854
697259378236399616 908 3049
697270446429966336 1719 4353
697463031882764288 1276 3177
697482927769255936 604 2245
697516214579523584 996 1881
697575480820686848 455 1895
697596423848730625 1136 2790
697616773278015490 926 2899
697630435728322560 498 1604
697881462549430272 1058 2788
697943111201378304 618 2209
697990423684476929 1175 3020
697995514407682048 307 1416
698178924120031232 678 2596
698195409219559425 5464 15554
698262614669991936 1801 4415
698342080612007937 873 2081
698355670425473025 397 1707
698549713696649216 561 2151
698635131305795584 315 1197
698703483621523456 337 1331
698710712454139905 621 2278
698907974262222848 556 2345
698953797952008193 832 2490
698989035503689728 879 3086
699036661657767936 1094 2409
699060279947165696 1627 3439
699072405256409088 1081 2724
699079609774645248 576 2261
699088579889332224 568 2091
699323444782047232 784 2912
699370870310113280 395 1756
699413908797464576 572 1933
699423671849451520 290 1250
699434518667751424 468 2035
699446877801091073 2402 5520
699691744225525762 4168 9490
699775878809702401 541 1812
699779630832685056 1112 2512
699788877217865730 470 2065
699801817392291840 851 2781
700002074055016451 1206 3036
700029284593901568 532 1921
700062718104104960 615 2453
700143752053182464 2443 6942
700151421916807169 611 2061
700167517596164096 657 2435
700462010979500032 1626 3789
700505138482569216 524 2114
700518061187723268 723 2401
700747788515020802 8466 21063
700796979434098688 863 2262
700847567345688576 453 2283
700864154249383937 560 2403
700890391244103680 511 2047
701214700881756160 4645 11301
701545186879471618 552 2457
701570477911896070 841 2584
701601587219795968 416 1931
701805642395348998 1512 3129
701889187134500865 1259 3256
701952816642965504 933 3547
701981390485725185 894 3166
702217446468493312 1229 4401
702276748847800320 696 2285
702321140488925184 956 3033
702332542343577600 1388 2941
702539513671897089 875 2654
702598099714314240 3145 11354
702671118226825216 509 2021
702684942141153280 965 2991
702899151802126337 413 1485
702932127499816960 655 2375
703041949650034688 11346 24382
703079050210877440 2810 6832
703268521220972544 495 1828
703356393781329922 347 1771
703382836347330562 1035 3228
703407252292673536 624 2261
703425003149250560 1225 3509
703611486317502464 1386 3551
703631701117943808 602 2369
703769065844768768 1025 3023
703774238772166656 405 1710
704054845121142784 845 2698
704113298707505153 521 1718
704134088924532736 413 1389
704347321748819968 314 1448
704364645503647744 3237 7359
704480331685040129 983 3153
704491224099647488 71 690
704499785726889984 908 2668
704761120771465216 2638 6149
704819833553219584 900 2454
704847917308362754 1370 4713
704859558691414016 477 2074
704871453724954624 1019 3968
705066031337840642 556 2018
705102439679201280 476 1967
705223444686888960 716 2384
705239209544720384 679 2778
705428427625635840 1526 3524
705442520700944385 1465 4079
705475953783398401 833 2751
705591895322394625 1035 2921
705786532653883392 468 1799
705898680587526145 496 2193
705970349788291072 800 2934
705975130514706432 666 2869
706153300320784384 346 1364
706166467411222528 1459 4743
706169069255446529 2007 3600
706265994973601792 852 2527
706291001778950144 439 1572
706310011488698368 7157 19581
706346369204748288 844 3184
706516534877929472 932 2880
706538006853918722 1299 3201
706593038911545345 582 1992
706644897839910912 990 2355
706681918348251136 896 3033
706901761596989440 528 1892
706904523814649856 7131 13465
707014260413456384 546 2122
707021089608753152 1227 3743
707038192327901184 720 2020
707059547140169728 619 2405
707297311098011648 713 2586
707315916783140866 580 2288
707377100785885184 979 3020
707387676719185920 1151 3224
707411934438625280 546 2120
707420581654872064 636 2077
707610948723478529 5741 15641
707629649552134146 788 2359
707693576495472641 920 3131
707738799544082433 2209 3745
707741517457260545 558 2295
707776935007539200 874 3015
707969809498152960 870 2493
707983188426153984 2 45
707995814724026368 1017 2880
708026248782585858 1754 4076
708109389455101952 502 1806
708119489313951744 899 2490
708130923141795840 786 3105
708149363256774660 1415 3995
708349470027751425 678 2193
708356463048204288 1201 3306
708400866336894977 9096 14705
708469915515297792 733 2858
708479650088034305 619 2347
708711088997666817 641 2345
708738143638450176 743 2549
708810915978854401 6274 15263
708834316713893888 452 1555
708845821941387268 806 2746
708853462201716736 595 1671
709042156699303936 1483 4349
709158332880297985 367 1883
709179584944730112 611 1859
709198395643068416 591 2274
709207347839836162 5196 11449
709225125749587968 523 2216
709409458133323776 617 2431
709449600415961088 520 2028
709519240576036864 219 1388
709556954897764353 976 3030
709566166965075968 1077 3261
709852847387627521 1092 3244
709901256215666688 92 608
709918798883774466 996 3234
710117014656950272 1785 5041
710140971284037632 807 2525
710153181850935296 814 2688
710269109699739648 1019 2204
710272297844797440 1146 4155
710283270106132480 482 2001
710296729921429505 672 2207
710588934686908417 1702 4189
710609963652087808 2163 4445
710658690886586372 515 2144
710833117892898816 477 2477
710844581445812225 614 2357
710997087345876993 1267 4226
711008018775851008 560 2749
711306686208872448 680 3059
711363825979756544 1020 3334
711652651650457602 823 3559
711694788429553666 16669 30339
711732680602345472 3704 8110
711743778164514816 912 2625
711968124745228288 2097 7430
711998809858043904 122 0
712065007010385924 570 2080
712085617388212225 438 3021
712092745624633345 814 2716
712097430750289920 940 3472
712309440758808576 24 222
712438159032893441 1423 4918
712668654853337088 1103 3835
712717840512598017 4521 11352
712809025985978368 6103 17593
713175907180089344 1337 4098
713177543487135744 2600 6666
713411074226274305 1190 4104
713761197720473600 1244 4474
713900603437621249 665 2628
713909862279876608 486 1754
713919462244790272 724 3050
714141408463036416 1285 4011
714214115368108032 802 2121
714251586676113411 764 3033
714258258790387713 672 2828
714485234495041536 1013 2462
714606013974974464 834 3353
714631576617938945 900 3021
714957620017307648 1284 3823
714962719905021952 3847 6762
714982300363173890 937 3438
715009755312439296 1107 3824
715200624753819648 1691 4763
715220193576927233 591 2219
715342466308784130 627 2801
715360349751484417 1414 5051
715680795826982913 1449 3980
715696743237730304 1171 3619
715704790270025728 515 2567
715733265223708672 1536 4298
715758151270801409 1293 3427
715928423106027520 796 2941
716080869887381504 1712 6267
716285507865542656 969 2563
716439118184652801 191 2202
716447146686459905 5326 12043
716730379797970944 397 1137
716791146589110272 1459 7755
716802964044845056 1051 3972
717009362452090881 872 2988
717047459982213120 1745 5818
717421804990701568 761 2899
717428917016076293 408 1479
717537687239008257 1667 5332
717790033953034240 990 2638
717841801130979328 545 2279
718234618122661888 915 3574
718246886998687744 448 1766
718454725339934721 1384 4515
718460005985447936 480 2513
718540630683709445 927 2245
718613305783398402 430 2263
718631497683582976 7253 17391
718939241951195136 1587 4814
718971898235854848 986 3216
719332531645071360 860 3183
719339463458033665 1122 4111
719367763014393856 692 2604
719551379208073216 1717 4656
719704490224398336 1302 4189
719991154352222208 1600 4491
720043174954147842 1822 4584
720059472081784833 1021 3565
720340705894408192 881 2630
720389942216527872 2270 5884
720415127506415616 1366 3806
720775346191278080 570 2260
720785406564900865 700 2864
721001180231503872 552 2350
721503162398597120 1649 4238
722613351520608256 1496 4594
722974582966214656 1443 3777
723179728551723008 1695 4876
723673163800948736 816 2794
723688335806480385 2650 7055
723912936180330496 1129 3599
724004602748780546 1395 3840
724046343203856385 513 2458
724049859469295616 1623 3989
724405726123311104 1515 4879
724771698126512129 568 2162
724983749226668032 1172 3451
725458796924002305 557 1308
725729321944506368 1609 4807
725786712245440512 1250 3854
725842289046749185 2424 6534
726224900189511680 1044 4089
726828223124897792 920 3310
726887082820554753 1371 3534
726935089318363137 2212 6318
727155742655025152 1202 3337
727175381690781696 1247 3604
727286334147182592 747 2834
727314416056803329 673 3072
727524757080539137 1089 4120
727644517743104000 1592 5401
727685679342333952 577 2734
728015554473250816 993 3797
728035342121635841 1516 4169
728046963732717569 1086 3952
728387165835677696 880 3429
728409960103686147 1827 4509
728653952833728512 949 3067
728751179681943552 618 2551
728760639972315136 1547 4302
728986383096946689 742 2894
729113531270991872 288 1742
729463711119904772 2100 5329
729823566028484608 1128 3662
729838605770891264 339 1604
729854734790754305 1018 3719
730196704625098752 1710 4451
730211855403241472 960 3505
730427201120833536 941 3208
730573383004487680 1919 4474
730924654643314689 1792 5655
731156023742988288 1144 3554
731285275100512256 904 3225
732005617171337216 4885 13718
732375214819057664 2286 7444
732585889486888962 713 3369
732726085725589504 801 3297
732732193018155009 483 2232
733109485275860992 15547 49402
733460102733135873 1141 3875
733482008106668032 854 2885
733822306246479872 932 3390
733828123016450049 718 3309
734559631394082816 355 1378
734776360183431168 489 2328
734787690684657664 5768 11585
734912297295085568 472 2549
735137028879360001 885 2885
735256018284875776 803 3073
735274964362878976 4554 12056
735635087207878657 2146 5671
735648611367784448 1016 3736
735991953473572864 1038 3300
736010884653420544 2710 7264
736225175608430592 2551 7502
736365877722001409 1118 3684
736392552031657984 6670 16370
736736130620620800 1544 3891
737310737551491075 6761 13553
737322739594330112 736 3328
737445876994609152 4068 9466
737678689543020544 1203 4639
737800304142471168 3178 9285
737826014890496000 1611 4840
738156290900254721 587 2290
738166403467907072 3043 8093
738184450748633089 1109 3982
738402415918125056 744 3018
738537504001953792 1401 4707
738883359779196928 723 3051
738885046782832640 1046 3505
738891149612572673 6 91
739238157791694849 52911 107257
739485634323156992 2644 6612
739544079319588864 19287 36511
739606147276148736 1496 4997
739623569819336705 1242 3502
739844404073074688 791 3533
739932936087216128 988 3764
739979191639244800 5389 18532
740214038584557568 1790 6191
740359016048689152 798 3050
740365076218183684 389 2251
740373189193256964 12145 32616
740676976021798912 6221 16854
740699697422163968 710 2653
740711788199743490 865 3152
740995100998766593 2476 5836
741067306818797568 2818 8870
741099773336379392 5031 9243
741303864243200000 2924 8137
741438259667034112 748 3422
741743634094141440 2503 7556
741793263812808706 1388 4219
742150209887731712 1402 4721
742161199639494656 1249 4010
742385895052087300 1780 6295
742423170473463808 3426 9110
742465774154047488 3610 6763
742528092657332225 1797 4112
742534281772302336 3285 6571
743210557239623680 1238 3559
743222593470234624 1744 5736
743253157753532416 1124 3935
743510151680958465 3419 7420
743545585370791937 862 3285
743595368194129920 5967 16991
743609206067040256 1270 4163
743835915802583040 1874 0
743895849529389061 881 3407
743980027717509120 1005 3905
744223424764059648 327 1534
744234799360020481 70747 144902
744334592493166593 1937 6341
744709971296780288 1442 5233
744971049620602880 2450 7313
744995568523612160 569 2750
745057283344719872 2056 6756
745074613265149952 3188 7285
745314880350101504 2485 6612
745422732645535745 2207 7951
745433870967832576 2313 6550
745712589599014916 2132 6516
745789745784041472 965 3675
746056683365994496 742 3325
746131877086527488 2005 6401
746369468511756288 1491 5768
746507379341139972 991 4343
746521445350707200 901 0
746542875601690625 1748 4698
746726898085036033 1642 5640
746757706116112384 3562 8860
746790600704425984 1467 4528
746818907684614144 1597 4955
746872823977771008 1953 5583
746906459439529985 271 2723
747103485104099331 3630 8900
747204161125646336 833 3128
747219827526344708 1444 4897
747242308580548608 2638 0
747439450712596480 1753 5041
747461612269887489 949 3599
747512671126323200 1478 5138
747594051852075008 951 3426
747600769478692864 523 2171
747648653817413632 5340 11985
747651430853525504 144 1275
747816857231626240 1061 4507
747844099428986880 677 2632
747885874273214464 882 2727
747933425676525569 2361 6181
747963614829678593 1959 5389
748220828303695873 7123 13155
748307329658011649 656 3448
748324050481647620 695 3459
748337862848962560 3740 7071
748346686624440324 1124 4860
748568946752774144 611 2049
748575535303884801 1813 5642
748692773788876800 1229 3958
748699167502000129 1460 4417
748705597323898880 879 2586
748932637671223296 2063 5411
748977405889503236 3136 10037
749036806121881602 731 2883
749064354620928000 1408 4503
749075273010798592 1889 5373
749317047558017024 2051 5101
749395845976588288 3158 7967
749403093750648834 493 2441
749417653287129088 1518 5696
749774190421639168 1213 4355
749981277374128128 2279 4785
749996283729883136 758 2836
750011400160841729 821 3015
750026558547456000 721 2534
750041628174217216 568 2970
750056684286914561 821 2956
750071704093859840 3038 7259
750086836815486976 493 2026
750101899009982464 777 2850
750117059602808832 1213 4056
750132105863102464 1184 3375
750147208377409536 877 2914
750381685133418496 27 670
750383411068534784 1042 4268
750429297815552001 3923 12306
750506206503038976 1056 4143
750719632563142656 4594 12275
750868782890057730 1252 4467
751132876104687617 1188 4731
751205363882532864 1667 5910
751251247299190784 5398 11746
751456908746354688 925 3014
751538714308972544 1148 4724
751583847268179968 1005 4109
751598357617971201 2833 7419
751793661361422336 2621 5401
751830394383790080 1790 5446
751937170840121344 1202 4835
751950017322246144 832 2852
752173152931807232 1674 5550
752309394570878976 14908 0
752334515931054080 1010 3593
752519690950500352 3157 6869
752568224206688256 2089 5120
752660715232722944 1425 4082
752682090207055872 1462 5612
752701944171524096 2620 0
752917284578922496 1444 6512
752932432744185856 6302 11766
753026973505581056 878 3660
753039830821511168 19209 34633
753294487569522689 961 3129
753298634498793472 5216 0
753375668877008896 2137 7150
753398408988139520 1733 5358
753420520834629632 3239 7356
753655901052166144 1998 5462
754120377874386944 2164 7401
754449512966619136 672 3508
754482103782404096 1794 4939
754747087846248448 478 2421
754856583969079297 2312 6452
754874841593970688 7251 0
755110668769038337 10199 19772
755206590534418437 4914 15322
755955933503782912 2634 6833
756275833623502848 1408 5985
756288534030475264 16334 41232
756303284449767430 1005 3704
756526248105566208 3305 9722
756651752796094464 1193 4706
756939218950160384 1842 6224
756998049151549440 1835 5876
757354760399941633 1302 4213
757393109802180609 1580 5451
757400162377592832 6329 14154
757596066325864448 959 4075
757597904299253760 278 0
757611664640446465 1010 4294
757725642876129280 1113 4256
757729163776290825 7215 0
757741869644341248 3029 6424
758041019896193024 339 2534
758099635764359168 9162 17745
758355060040593408 966 3157
758405701903519748 1767 4879
758467244762497024 2030 4477
758474966123810816 915 3563
758740312047005698 1500 5384
758828659922702336 3558 10489
758854675097526272 843 3327
759047813560868866 1851 6078
759099523532779520 3828 13634
759159934323924993 1067 0
759197388317847553 1804 5703
759446261539934208 454 1565
759447681597108224 2276 7949
759557299618865152 1105 4404
759793422261743616 1763 5587
759846353224826880 1800 6300
759943073749200896 1934 5532
760153949710192640 28 0
760190180481531904 1654 5356
760252756032651264 798 3711
760290219849637889 10581 25097
760521673607086080 1288 3923
760539183865880579 3348 7083
760641137271070720 1190 4682
760656994973933572 1753 6182
760893934457552897 890 3576
761004547850530816 3217 10658
761227390836215808 1447 5006
761292947749015552 1001 4195
761334018830917632 1340 4834
761371037149827077 16669 0
761599872357261312 1102 3886
761672994376806400 26770 46319
761745352076779520 794 4024
761750502866649088 3590 0
761976711479193600 1830 5049
762035686371364864 14314 29836
762316489655476224 1030 4505
762464539388485633 3840 9652
762471784394268675 5921 10525
762699858130116608 3315 11375
763103485927849985 2125 6939
763167063695355904 2754 0
763183847194451968 1359 5063
763837565564780549 3820 11776
763956972077010945 50 734
764259802650378240 1394 5647
764857477905154048 1649 6088
765222098633691136 3120 10937
765371061932261376 2007 6680
765395769549590528 3119 25136
765669560888528897 1133 4859
765719909049503744 1997 6807
766008592277377025 461 3539
766069199026450432 776 3949
766078092750233600 2424 0
766313316352462849 1734 6348
766423258543644672 1459 5644
766693177336135680 730 3800
766714921925144576 348 2465
766793450729734144 1260 4752
767122157629476866 2648 9557
767191397493538821 3479 11547
767500508068192258 2151 7059
767754930266464257 4962 14995
767884188863397888 1266 4470
768193404517830656 3270 10203
768473857036525572 3162 12781
768554158521745409 5389 0
768596291618299904 1189 4735
768609597686943744 1099 3861
768855141948723200 827 3936
768909767477751808 2443 0
768970937022709760 6004 13414
769212283578875904 1600 5086
769335591808995329 7131 0
769695466921623552 1564 6049
769940425801170949 8839 29318
770069151037685760 2126 7148
770093767776997377 2818 0
770293558247038976 1356 5855
770414278348247044 1928 5949
770655142660169732 1669 6929
770772759874076672 1328 4891
770787852854652928 1105 4622
771014301343748096 1539 6489
771102124360998913 1336 5869
771136648247640064 2711 8615
771171053431250945 6898 0
771380798096281600 4675 9919
771500966810099713 2421 7779
771770456517009408 3142 11294
771908950375665664 1757 6191
772102971039580160 866 3777
772114945936949249 440 2584
772117678702071809 687 3555
772152991789019136 1054 3592
772193107915964416 1291 5684
772581559778025472 1588 6117
772615324260794368 3120 0
772826264096874500 2211 7569
772877495989305348 3580 8055
773191612633579521 3807 9399
773247561583001600 3005 8887
773308824254029826 6953 21994
773336787167145985 4675 0
773547596996571136 5699 20830
773670353721753600 1225 5055
773704687002451968 1498 6240
773922284943896577 1629 6063
773985732834758656 3587 10167
774314403806253056 5093 20554
774639387460112384 1616 6369
774757898236878852 1656 8140
775085132600442880 4375 14634
775350846108426240 3628 9585
775364825476165632 2713 6950
775729183532220416 4281 12274
775733305207554048 3701 13087
775842724423557120 2466 11045
775898661951791106 15547 0
776088319444877312 141 1716
776113305656188928 4027 11124
776201521193218049 2336 9031
776218204058357768 14743 28123
776249906839351296 8466 0
776477788987613185 2562 8255
776813020089548800 1114 4605
776819012571455488 12614 0
777189768882946048 3986 13325
777621514455814149 2342 8219
777641927919427584 3923 0
777684233540206592 2727 10624
777885040357281792 1516 5998
777953400541634568 3270 0
778027034220126208 1494 6200
778039087836069888 2467 7996
778286810187399168 3064 9747
778383385161035776 1019 5506
778396591732486144 11346 0
778408200802557953 4009 12874
778624900596654080 943 4342
778650543019483137 1392 5429
778748913645780993 1207 6462
778764940568104960 338 821
778774459159379968 9162 0
778990705243029504 6660 18758
779056095788752897 4212 13909
779124354206535695 17037 0
779377524342161408 2889 8258
779834332596887552 6505 17773
780074436359819264 4571 11437
780092040432480260 2137 0
780192070812196864 2089 8221
780459368902959104 1004 5000
780476555013349377 103 0
780496263422808064 3426 0
780543529827336192 1628 5953
780601303617732608 3127 11430
780800785462489090 1201 5195
780858289093574656 1866 6804
780931614150983680 6750 20495
781163403222056960 2585 9278
781251288990355457 1930 7926
781308096455073793 2385 6751
781524693396357120 5148 19603
781655249211752448 1053 3786
781661882474196992 2528 9885
781955203444699136 3139 10572
782021823840026624 5741 0
782305867769217024 5130 15718
782598640137187329 1767 7383
782722598790725632 5018 16305
782747134529531904 1319 7073
782969140009107456 6892 22829
783085703974514689 2021 7741
783334639985389568 10890 27509
783347506784731136 5149 0
783391753726550016 5097 16005
783466772167098368 2075 7989
783695101801398276 2992 9877
783821107061198850 1829 6993
783839966405230592 10057 28418
784057939640352768 10371 28127
784183165795655680 7483 18971
784431430411685888 1184 5447
784517518371221505 2367 8501
784826020293709826 3013 9578
785170936622350336 4502 11385
785264754247995392 1520 6913
785515384317313025 1166 5799
785533386513321988 1843 8598
785639753186217984 2106 7463
785872687017132033 1674 6347
785927819176054784 2992 10820
786036967502913536 6505 0
786051337297522688 148 1354
786233965241827333 4383 14416
786286427768250368 2649 7567
786363235746385920 3222 10284
786595970293370880 2920 8986
786664955043049472 2366 10059
786709082849828864 5735 17371
786729988674449408 2276 0
786963064373534720 7434 25294
787111942498508800 6302 0
787322443945877504 1628 7403
787397959788929025 2670 10342
787717603741622272 2588 9716
787810552592695296 2842 8156
788039637453406209 1231 5802
788070120937619456 3217 0
788150585577050112 1201 5804
788178268662984705 1981 6903
788412144018661376 4931 14731
788552643979468800 6670 0
788765914992902144 9672 25923
788908386943430656 11719 26092
789137962068021249 2608 9227
789268448748703744 2450 8669
789280767834746880 4594 0
789314372632018944 2140 8205
789530877013393408 3161 11095
789599242079838210 1797 6383
789628658055020548 1651 7085
789903600034189313 3889 9791
789960241177853952 3840 0
789986466051088384 2147 8811
790227638568808452 3315 0
790277117346975746 2959 11910
790337589677002753 1770 7420
790581949425475584 6653 19580
790698755171364864 1807 7808
790723298204217344 2147 0
790946055508652032 4392 15869
790987426131050500 1992 9313
791026214425268224 3820 0
791312159183634433 2368 8326
791406955684368384 3861 12494
791672322847637504 2931 11157
791774931465953280 20787 42788
791780927877898241 3562 0
791784077045166082 8913 0
791821351946420224 19728 0
792050063153438720 1673 6780
792394556390137856 4018 12735
792773781206999040 1573 7002
792883833364439040 4006 10717
792913359805018113 3719 13614
793120401413079041 3691 12038
793135492858580992 2362 6089
793150605191548928 1597 5856
793165685325201412 2630 8918
793180763617361921 1867 6572
793195938047070209 5281 14469
793210959003287553 2613 8486
793226087023144960 2719 9290
793241302385262592 3080 9999
793256262322548741 7812 18952
793271401113350145 2248 8259
793286476301799424 8603 23365
793500921481273345 2237 10132
793601777308463104 1519 7586
793614319594401792 2931 0
793845145112371200 1750 8778
793962221541933056 4584 15919
794205286408003585 3117 8777
794332329137291264 2540 9141
794355576146903043 9672 0
794926597468000259 2162 9688
794983741416415232 3161 0
795076730285391872 5106 15352
795400264262053889 2687 9521
795464331001561088 21991 46834
796031486298386433 3503 10279
796080075804475393 2170 8024
796116448414461957 2254 8648
796125600683540480 1686 4739
796149749086875649 13385 30543
796177847564038144 13385 0
796387464403357696 3893 10467
796484825502875648 1654 7191
796563435802726400 6750 0
796759840936919040 2837 11218
796865951799083009 1829 7317
796904159865868288 8360 0
797165961484890113 24 214
797236660651966464 6166 18950
797545162159308800 4620 13888
797971864723324932 2893 10964
798209839306514432 2425 9932
798340744599797760 3142 0
798576900688019456 5489 0
798585098161549313 5277 0
798628517273620480 1867 0
798644042770751489 1746 0
798665375516884993 3679 0
798673117451325440 5228 0
798682547630837760 4436 0
798686750113755136 2181 0
798694562394996736 4645 0
798697898615730177 6103 0
798701998996647937 7253 0
798705661114773508 6221 0
798925684722855936 1362 7161
798933969379225600 4162 12432
799063482566066176 2342 7699
799297110730567681 2569 9391
799308762079035393 5093 0
799422933579902976 1801 7690
799757965289017345 2004 7978
799774291445383169 4375 0
800018252395122689 12332 26924
800141422401830912 2396 14521
800188575492947969 3698 0
800388270626521089 2638 10625
800443802682937345 4027 0
800459316964663297 2063 9051
800513324630806528 2833 12503
800751577355128832 2636 10092
800855607700029440 1520 0
800859414831898624 91 647
801115127852503040 1985 7681
801127390143516673 3701 0
801167903437357056 5525 23190
801285448605831168 773 5746
801538201127157760 1953 7820
801854953262350336 219 1726
801958328846974976 1598 7369
802185808107208704 251 0
802239329049477120 2460 8649
802265048156610565 1299 6625
802323869084381190 5487 15350
802572683846291456 2359 8522
802600418706604034 1385 6770
802624713319034886 2727 0
802952499103731712 1875 8582
803276597545603072 2300 9557
803321560782307329 4962 0
803380650405482500 1769 7398
803638050916102144 3887 10382
803692223237865472 6932 0
803773340896923648 2591 9567
804026241225523202 15068 42081
804413760345620481 3013 0
804475857670639616 1892 5848
804738756058218496 3603 12995
805207613751304193 1628 7483
805487436403003392 2382 8354
805520635690676224 1552 5487
805823200554876929 7483 0
805826884734976000 1716 6245
805932879469572096 1803 7886
805958939288408065 5018 0
806219024703037440 1134 6137
806242860592926720 10890 0
806542213899489280 2219 9741
806576416489959424 1824 4664
806620845233815552 5148 0
806629075125202948 32399 70646
807010152071229440 3637 12484
807059379405148160 6892 0
807106840509214720 51689 111708
807621403335917568 3392 13866
808001312164028416 3316 11856
808106460588765185 2071 8390
808134635716833280 5525 0
808344865868283904 19461 40224
808501579447930884 2456 10766
808733504066486276 2034 7510
808838249661788160 2868 9646
809084759137812480 3307 12568
809220051211603969 5254 18893
809448704142938112 1370 6613
809808892968534016 4584 0
809920764300447744 3685 14785
810254108431155201 3169 13979
810284430598270976 10502 33337
810657578271330305 2471 10433
810896069567610880 1645 8551
810984652412424192 1332 5060
811386762094317568 5986 19883
811627233043480576 2855 12082
811647686436880384 682 5322
811744202451197953 1479 7164
811985624773361665 1312 6918
812372279581671427 3427 12941
812466873996607488 1802 7573
812503143955202048 1148 5744
812709060537683968 1353 6292
812781120811126785 1788 7151
813051746834595840 6866 19928
813066809284972545 1830 7545
813081950185472002 2598 9424
813096984823349248 3391 10040
813112105746448384 2571 9799
813127251579564032 2922 11214
813130366689148928 418 4262
813142292504645637 2245 8088
813157409116065792 2067 7381
813172488309972993 1809 8812
813187593374461952 4048 18842
813202720496779264 1707 8772
813217897535406080 6853 17693
813800681631023104 1650 7884
813812741911748608 13039 34648
813910438903693312 1735 8858
813944609378369540 2959 0
814153002265309185 8116 27267
814530161257443328 1741 8217
814578408554463233 5464 0
814638523311648768 2526 10696
814986499976527872 1187 7256
815390420867969024 3573 9830
815639385530101762 1555 7826
815736392542261248 2122 9312
815745968457060357 3861 0
815966073409433600 7873 21142
815990720817401858 944 4689
816014286006976512 4885 0
816062466425819140 944 0
816091915477250048 1991 8482
816336735214911488 1804 8165
816450570814898180 7468 28721
816697700272001025 2059 9246
816816676327063552 1897 9480
816829038950027264 4392 0
817056546584727552 1519 8140
817120970343411712 2414 11551
817171292965273600 1871 8311
817181837579653120 7873 0
817415592588222464 890 5296
817423860136083457 13606 31867
817502432452313088 3146 0
817536400337801217 2730 11129
817777686764523521 2521 10226
817827839487737858 25138 48657
817908911860748288 741 4608
818145370475810820 2370 11620
818259473185828864 2088 10424
818307523543449600 7468 0
818536468981415936 2273 10275
818588835076603904 5699 0
818614493328580609 2355 9301
818627210458333184 7063 21235
818646164899774465 19461 0
819004803107983360 34550 82714
819006400881917954 17802 43046
819015331746349057 17802 0
819015337530290176 34550 0
819227688460238848 6243 21794
819238181065359361 379 2140
819347104292290561 1116 6846
819588359383371776 1869 9161
819711362133872643 2876 12619
819924195358416896 4550 12241
819952236453363712 1082 5016
820013781606658049 1082 0
820078625395449857 5796 18658
820314633777061888 523 3161
820446719150292993 2396 0
820494788566847489 523 0
820690176645140481 3004 11587
820749716845686786 9222 29848
820837357901512704 6243 0
821044531881721856 2126 11966
821107785811234820 1975 9074
821149554670182400 1826 8113
821153421864615936 9 236
821407182352777218 3997 11108
821421320206483457 5130 0
821522889702862852 1632 7575
821765923262631936 1557 7908
821813639212650496 3127 0
821886076407029760 2142 10681
822163064745328640 4383 0
822244816520155136 9239 33128
822462944365645825 13160 26324
822489057087389700 5959 17120
822610361945911296 2736 13976
822647212903690241 5959 0
822859134160621569 2111 12462
822872901745569793 39930 124128
822975315408461824 3200 16375
823269594223824897 9239 0
823322678127919110 3720 14838
823333489516937216 22 662
823581115634085888 2447 12271
823699002998870016 2336 13213
823719002937630720 10371 0
823939628516474880 2541 10057
824025158776213504 558 4577
824297048279236611 3570 14233
824325613288833024 9894 11183
824663926340194305 1649 9941
824775126675836928 3278 14068
824796380199809024 5106 0
825026590719483904 1168 5910
825120256414846976 1168 0
825147591692263424 4190 17269
825535076884762624 16363 53994
825829644528148480 2338 12029
825876512159186944 1738 9926
826115272272650244 2875 14743
826204788643753985 856 4601
826240494070030336 2420 12533
826476773533745153 3895 17381
826598365270007810 2183 9458
826598799820865537 230 4862
826615380357632002 3685 0
826848821049180160 9354 34067
826958653328592898 4616 20334
827199976799354881 2064 10009
827324948884643840 2812 14962
827600520311402496 865 7064
827653905312006145 2798 14601
827933404142436356 4840 18874
828011680017821696 1998 9781
828046555563323392 2659 11069
828361771580813312 165 2072
828372645993398273 2729 11880
828376505180889089 995 6990
828381636999917570 2064 11885
828408677031882754 1189 7264
828409743546925057 1081 6047
828650029636317184 1242 8962
828708714936930305 10347 34301
828770345708580865 5405 24118
828801551087042563 3169 0
829011960981237760 15134 50325
829141528400556032 6782 22933
829449946868879360 1863 9892
829501995190984704 9791 29925
829861396166877184 1796 11539
829878982036299777 4616 0
830097400375152640 2705 9181
830173239259324417 5254 0
830583320585068544 15441 62522
830956169170665475 1379 7520
831262627380748289 1895 11183
831309418084069378 2274 11111
831315979191906304 1040 6180
831322785565769729 1447 8758
831552930092285952 2165 8466
831650051525054464 1790 6692
831670449226514432 1690 9803
831911600680497154 5993 25891
831926988323639298 34 319
831939777352105988 5667 22502
832032802820481025 4308 16799
832040443403784192 8839 0
832088576586297345 2 59
832215726631055365 8603 0
832215909146226688 5735 0
832273440279240704 2149 10667
832369877331693569 2929 16100
832397543355072512 2040 11260
832636094638288896 2569 14922
832645525019123713 485 2743
832682457690300417 2670 11161
832757312314028032 3327 15872
832769181346996225 38 0
832998151111966721 2026 12456
833124694597443584 4454 19012
833479644947025920 1895 14031
833722901757046785 3003 19716
833732339549220864 205 0
833826103416520705 3495 17099
833863086058651648 2216 12645
834086379323871233 2045 12261
834089966724603904 1971 9466
834167344700198914 3372 14859
834209720923721728 4339 19284
834458053273591808 1552 9046
834477809192075265 9791 0
834574053763584002 2318 12830
834786237630337024 5116 20253
834931633769889797 1496 10121
835152434251116546 2765 20984
835172783151792128 5306 24608
835246439529840640 63 1992
835264098648616962 1547 7250
835297930240217089 2748 15455
835309094223372289 19209 0
835536468978302976 1547 0
835574547218894849 3307 16686
835685285446955009 7434 0
836001077879255040 3903 17926
836260088725786625 3988 19982
836380477523124226 2749 13923
836397794269200385 25138 0
836648853927522308 508 0
836677758902222849 2026 11862
836753516572119041 4271 18162
836989968035819520 2120 11970
837110210464448512 2186 15080
837471256429613056 2065 12003
837482249356513284 409 3614
837820167694528512 7172 31881
838083903487373313 2850 16491
838085839343206401 1 133
838150277551247360 304 1570
838201503651401729 9222 0
838476387338051585 4354 21010
838561493054533637 1234 10259
838831947270979586 10057 0
838916489579200512 31 0
838921590096166913 1859 10435
838952994649550848 3668 18403
839239871831150596 5956 25269
839290600511926273 133 0
839549326359670784 7087 25623
839990271299457024 2072 12554
840268004936019968 5233 17927
840370681858686976 4188 15360
840632337062862849 1622 8439
840696689258311684 891 11502
840698636975636481 2 165
840728873075638272 14621 0
840761248237133825 1622 0
841077006473256960 4895 21362
841314665196081154 4245 14768
841320156043304961 5027 18443
841439858740625411 3337 11756
841680585030541313 7173 24071
841833993020538882 13606 0
842115215311396866 2764 13055
842163532590374912 5270 22771
842535590457499648 3190 16941
842765311967449089 1177 6299
842846295480000512 3318 14236
843235543001513987 5428 20002
843604394117681152 2485 15733
843856843873095681 4175 19987
843981021012017153 2702 14144
844223788422217728 1994 12714
844580511645339650 2822 15307
844973813909606400 2860 13948
844979544864018432 2318 12695
845098359547420673 6953 0
845306882940190720 4869 21658
845397057150107648 1622 7095
845677943972139009 4388 23471
845812042753855489 7883 27070
846042936437604353 2595 14835
846139713627017216 9178 28853
846153765933735936 8190 29138
846505985330044928 2766 13092
846514051647705089 10404 41252
846874817362120707 3556 18647
847116187444137987 2881 19892
847157206088847362 5264 18396
847251039262605312 3925 18996
847606175596138505 3096 17373
847617282490613760 376 6471
847842811428974592 1193 5020
847962785489326080 4586 21756
847971574464610304 396 0
847978865427394560 2929 0
848212111729840128 2722 15052
848213670039564288 646 7547
848324959059550208 4163 22857
848690551926992896 3932 23300
849051919805034497 7641 39064
849336543269576704 1695 10566
849412302885593088 2836 14690
849668094696017920 4454 0
849776966551130114 6829 27936
850019790995546112 4380 18799
850145622816686080 3402 15065
850333567704068097 301 3193
850380195714523136 2334 12092
850753642995093505 8093 28178
851224888060895234 5177 19070
851464819735769094 6322 22292
851591660324737024 3128 14977
852189679701164033 1420 10577
852226086759018497 6102 18366
852311364735569921 8890 30389
852553447878664193 3124 14914
852672615818899456 1915 13656
852912242202992640 1602 8261
852936405516943360 1790 0
853299958564483072 3173 14181
853639147608842240 8889 31582
853760880890318849 5118 26107
854010172552949760 2796 14845
854120357044912130 6601 29253
854365224396361728 4155 17215
854482394044301312 6032 26603
854732716440526848 5360 20707
855138241867124737 36 0
855245323840757760 5270 0
855459453768019968 7312 27121
855818117272018944 4818 24288
855851453814013952 16141 41917
855857698524602368 1862 10865
855860136149123072 853 4410
855862651834028034 21 303
856282028240666624 5586 25256
856288084350160898 15 488
856526610513747968 1654 10833
856543823941562368 2551 14845
857029823797047296 3493 17055
857062103051644929 148 0
857214891891077121 16 204
857263160327368704 3983 18261
857393404942143489 1444 5311
857746408056729600 9356 30830
857989990357356544 2268 14498
858107933456039936 2540 14248
858471635011153920 4265 19501
858843525470990336 3028 14131
858860390427611136 7087 0
859074603037188101 11979 30456
859196978902773760 26289 80609
859607811541651456 1366 16840
859851578198683649 3072 13982
859924526012018688 3586 17648
860177593139703809 26770 0
860184849394610176 5129 15024
860276583193509888 3074 16593
860524505164394496 4607 21268
860563773140209665 1858 6726
860924035999428608 679 0
860981674716409858 1858 0
861005113778896900 3339 14998
861288531465048066 3591 15358
861383897657036800 9271 32310
862096992088072192 20016 66329
862457590147678208 4255 18292
862722525377298433 3091 15344
862831371563274240 4461 17221
863062471531167744 2092 7528
863079547188785154 953 7899
863427515083354112 80 1961
863432100342583297 4558 21319
863471782782697472 2092 0
863553081350529029 3635 13690
863907417377173506 3593 18450
864197398364647424 7591 26645
864279568663928832 2585 13075
864873206498414592 7499 28871
865006731092295680 6674 25053
865359393868664832 4292 23617
865718153858494464 4851 22939
866094527597207552 7172 0
866334964761202691 12215 46628
866450705531457537 30214 108923
866686824827068416 2973 17138
866720684873056260 4133 17877
867051520902168576 6790 28726
867072653475098625 101 0
867421006826221569 2118 14348
867774946302451713 6258 30279
867900495410671616 3572 21609
868552278524837888 1754 8971
868622495443632128 4474 23645
868639477480148993 1754 0
868880397819494401 12266 57996
869227993411051520 3201 18140
869596645499047938 2640 14210
869702957897576449 5386 25064
869772420881756160 8698 38027
870063196459192321 7076 32430
870308999962521604 3550 19484
870374049280663552 22754 73972
870656317836468226 2208 10890
870726314365509632 3 105
870804317367881728 5284 29808
871032628920680449 3226 20163
871102520638267392 4683 18551
871166179821445120 4895 0
871515927908634625 2941 17895
871762521631449091 2970 17893
871879754684805121 9248 33112
872122724285648897 6829 30236
872486979161796608 7719 36101
872620804844003328 3067 18329
872820683541237760 3167 13076
872967104147763200 4563 24081
873213775632977920 1331 6323
873337748698140672 1331 0
873580283840344065 3344 21386
874012996292530176 8595 30125
874057562936811520 3378 20121
874296783580663808 3483 22969
874434818259525634 12215 0
874680097055178752 3919 24605
875021211251597312 3974 22548
875097192612077568 5118 24248
875144289856114688 4158 19423
875747767867523072 3583 22115
876120275196170240 3903 24692
876484053909872640 2001 16570
876537666061221889 3973 21050
876838120628539392 2804 18215
877201837425926144 4630 23867
877316821321428993 4348 24159
877556246731214848 3169 19910
877611172832227328 70 0
877736472329191424 15810 69306
878057613040115712 5742 37157
878281511006478336 1078 6780
878316110768087041 5529 0
878404777348136964 1078 0
878604707211726852 5930 26445
878776093423087618 3433 17139
879008229531029506 2242 16787
879050749262655488 3956 19818
879130579576475649 5742 0
879376492567855104 2649 14861
879415818425184262 37459 92888
879492040517615616 2628 20716
879674319642796034 9 282
879862464715927552 2929 19706
880095782870896641 3653 24347
880221127280381952 3468 23678
880465832366813184 5215 25032
880872448815771648 3200 18713
880935762899988482 2333 15052
881268444196462592 4493 20480
881536004380872706 13402 43449
881633300179243008 8 113
881666595344535552 8960 44566
881906580714921986 2855 21445
882045870035918850 4083 25729
882268110199369728 9632 39202
882627270321602560 5063 24603
882762694511734784 4097 24798
882992080364220416 3248 20988
883117836046086144 5533 32520
883360690899218434 3081 19953
883482846933004288 8273 40216
883838122936631299 2862 19176
884162670584377345 2505 17946
884247878851493888 16923 63320
884441805382717440 4791 23867
884562892145688576 3912 21328
884876753390489601 4673 24385
884925521741709313 15027 67291
885167619883638784 3670 19260
885311592912609280 15441 0
885518971528720385 3107 18008
885528943205470208 5328 31602
885984800019947520 5613 28615
886054160059072513 93 0
886258384151887873 5290 24530
886267009285017600 4 105
886366144734445568 2631 18547
886680336477933568 3734 19739
886736880519319552 2631 10499
886983233522544640 6320 30391
887101392804085760 4990 26988
887343217045368832 8813 29593
887473957103951883 15028 60196
887517139158093824 9855 40726
887705289381826560 4533 26628
888078434458587136 2892 19150
888554962724278272 2878 17316
888804989199671297 3536 22467
888917238123831296 3763 25638
889278841981685760 4444 22123
889531135344209921 1881 13353
889638837579907072 3715 23679
889665388333682689 8352 42055
889880896479866881 4166 24570
890006608113172480 6152 27039
890240255349198849 6099 27962
890609185150312448 3621 24524
890729181411237888 15754 56867
890971913173991426 1663 10363
891087950875897856 2602 17813
891327558926688256 7761 35310
891689557279858688 7226 36943
891815181378084864 3481 22054
892177421306343426 5302 29330
892420643555336193 7009 33810
